Left:
('D = ', [0.014817241316415744, -0.0015721221061949162, -0.002229821152940331, 0.006509037956664548, 0.0])
('K = ', [236.3731794608506, 0.0, 162.66855747156742, 0.0, 236.34783988622718, 122.1046858374093, 0.0, 0.0, 1.0])
('R = ', [0.9992923684534605, 0.005741479056763933, -0.03717254052273315, -0.005825665561499475, 0.9999807046656382, -0.0021568303547537765, 0.03715943986982387, 0.0023718589027109447, 0.9993065347098992])
('P = ', [260.2312922195131, 0.0, 177.9597511291504, 0.0, 0.0, 260.2312922195131, 122.5415678024292, 0.0, 0.0, 0.0, 1.0, 0.0])

Right:
('D = ', [-0.01480013238075942, 0.06258293962215941, 0.001048204424692857, 0.0033794574566740976, 0.0])
('K = ', [242.74719335844242, 0.0, 157.86632170038376, 0.0, 242.35742409416451, 123.78895516191967, 0.0, 0.0, 1.0])
('R = ', [0.9983744986199252, 0.00656240613589332, -0.05661532770478737, -0.006434117857547022, 0.9999763045552956, 0.0024479492089893146, 0.056630050616329745, -0.0020797003731755047, 0.9983930649867065])
('P = ', [260.2312922195131, 0.0, 177.9597511291504, -140.48907322371818, 0.0, 260.2312922195131, 122.5415678024292, 0.0, 0.0, 0.0, 1.0, 0.0])
('self.T ', [-0.5389847886663583, -0.0035427959039283858, 0.030564483047616157])
('self.R ', [0.9998098413089651, -0.0005675289447428819, 0.01949254043574162, 0.0006549543495628887, 0.9999897548396915, -0.0044789787288659205, -0.019489798781468518, 0.004490893736276083, 0.9997999698024137])
None
# oST version 5.0 parameters


[image]

width
320

height
240

[narrow_stereo/left]

camera matrix
236.373179 0.000000 162.668557
0.000000 236.347840 122.104686
0.000000 0.000000 1.000000

distortion
0.014817 -0.001572 -0.002230 0.006509 0.000000

rectification
0.999292 0.005741 -0.037173
-0.005826 0.999981 -0.002157
0.037159 0.002372 0.999307

projection
260.231292 0.000000 177.959751 0.000000
0.000000 260.231292 122.541568 0.000000
0.000000 0.000000 1.000000 0.000000

# oST version 5.0 parameters


[image]

width
320

height
240

[narrow_stereo/right]

camera matrix
242.747193 0.000000 157.866322
0.000000 242.357424 123.788955
0.000000 0.000000 1.000000

distortion
-0.014800 0.062583 0.001048 0.003379 0.000000

rectification
0.998374 0.006562 -0.056615
-0.006434 0.999976 0.002448
0.056630 -0.002080 0.998393

projection
260.231292 0.000000 177.959751 -140.489073
0.000000 260.231292 122.541568 0.000000
0.000000 0.000000 1.000000 0.000000


